1 3.23958 38.4 4.67708 38.4
1 4.67708 44.15 6.11458 44.15
1 12.4062 44.15 13.3646 44.15
1 12.4062 38.4 13.3646 38.4
1 18.2188 38.4 18.2188 44.15
1 16.3021 38.4 20.1354 38.4
1 16.3021 44.15 20.1354 44.15
1 22.1146 38.4 22.1146 44.15
1 22.1146 38.4 26.9062 38.4
1 22.1146 44.15 26.9062 44.15
1 22.1146 41.275 25.7083 41.275
1 28.8854 38.4 28.8854 44.15
1 33.6771 38.4 33.6771 44.15
1 28.8854 44.15 33.6771 38.4
1 38.5312 38.4 38.5312 44.15
1 36.6146 44.15 40.4479 44.15
1 45.3021 38.4 45.3021 44.15
1 43.3854 38.4 47.2188 38.4
1 43.3854 44.15 47.2188 44.15
1 49.1979 38.4 49.1979 44.15
1 49.1979 44.15 53.9896 44.15
1 49.1979 41.275 52.7917 41.275
1 58.8437 38.4 58.8437 44.15
1 56.9271 38.4 60.7604 38.4
1 56.9271 44.15 60.7604 44.15
1 65.6146 44.15 66.5729 44.15
1 65.6146 38.4 66.5729 38.4
1 74.3021 38.4 74.3021 44.15
1 74.3021 38.4 76.2188 38.4
1 74.3021 44.15 76.2188 44.15
1 81.0729 38.4 83.9479 44.15
1 83.9479 44.15 86.8229 38.4
1 82.5104 41.275 85.3854 41.275
1 91.6771 38.4 91.6771 44.15
1 89.7604 44.15 93.5938 44.15
1 95.5729 38.4 98.4479 44.15
1 98.4479 44.15 101.323 38.4
1 97.0104 41.275 99.8854 41.275
1 3.23958 37.15 6.11458 31.4
1 8.98958 37.15 6.11458 31.4
1 13.8438 31.4 13.8438 37.15
1 11.9271 31.4 15.7604 31.4
1 11.9271 37.15 15.7604 37.15
1 17.7396 31.4 19.1771 31.4
1 19.1771 37.15 20.6146 37.15
1 24.0312 34.275 24.0312 37.15
1 29.7812 34.275 29.7812 37.15
1 31.7604 31.4 34.6354 37.15
1 34.6354 37.15 37.5104 31.4
1 33.1979 34.275 36.0729 34.275
1 39.4896 31.4 39.4896 37.15
1 39.4896 31.4 43.3229 31.4
1 48.1771 31.4 48.1771 37.15
1 46.2604 31.4 50.0938 31.4
1 46.2604 37.15 50.0938 37.15
1 52.0729 31.4 56.8646 31.4
1 52.0729 31.4 56.8646 37.15
1 52.0729 37.15 56.8646 37.15
1 58.8437 31.4 61.7187 37.15
1 61.7187 37.15 64.5938 31.4
1 60.2812 34.275 63.1562 34.275
1 69.4479 31.4 69.4479 37.15
1 67.5312 37.15 71.3646 37.15
1 76.2188 31.4 76.2188 37.15
1 74.3021 31.4 78.1354 31.4
1 74.3021 37.15 78.1354 37.15
1 87.8438 31.4 87.8438 37.15
1 92.6354 31.4 92.6354 37.15
1 87.8438 37.15 92.6354 31.4
1 3.09631 26.4 4.25208 28.7115
1 4.25208 28.7115 5.40785 26.4
1 3.6742 27.5558 4.82997 27.5558
1 6.35048 26.4 6.35048 28.7115
1 6.35048 27.5558 7.89151 26.4
1 6.35048 27.5558 7.89151 28.7115
1 8.83414 26.4 8.83414 28.7115
1 10.7604 26.4 10.7604 28.7115
1 8.83414 27.5558 10.7604 27.5558
1 12.8588 26.4 12.8588 28.7115
1 12.0883 26.4 13.6293 26.4
1 12.0883 28.7115 13.6293 28.7115
1 14.572 26.4 14.572 28.7115
1 14.572 26.4 16.113 26.4
1 19.3671 26.4 20.5229 28.7115
1 20.5229 28.7115 21.6787 26.4
1 19.945 27.5558 21.1008 27.5558
1 22.6213 26.4 22.6213 28.7115
1 24.5476 26.4 24.5476 28.7115
1 22.6213 28.7115 24.5476 26.4
1 25.4902 26.4 26.646 28.7115
1 26.646 28.7115 27.8018 26.4
1 26.0681 27.5558 27.2239 27.5558
1 28.7444 26.4 28.7444 28.7115
1 30.6707 26.4 30.6707 28.7115
1 28.7444 28.7115 30.6707 26.4
1 32.7691 26.4 32.7691 28.7115
1 31.9986 28.7115 33.5396 28.7115
1 34.4822 26.4 34.4822 28.7115
1 36.4085 26.4 36.4085 28.7115
1 34.4822 27.5558 36.4085 27.5558
1 37.3511 26.4 38.5069 28.7115
1 38.5069 28.7115 39.6627 26.4
1 37.929 27.5558 39.0848 27.5558
1 44.0726 28.7115 44.4579 28.7115
1 44.0726 26.4 44.4579 26.4
1 45.4005 26.4 45.4005 28.7115
1 47.3268 26.4 47.3268 28.7115
1 45.4005 27.5558 47.3268 27.5558
1 48.2694 26.4 49.4252 28.7115
1 49.4252 28.7115 50.5809 26.4
1 48.8473 27.5558 50.003 27.5558
1 51.5236 26.4 51.5236 28.7115
1 53.4498 26.4 53.4498 28.7115
1 51.5236 28.7115 53.4498 26.4
1 54.3925 26.4 54.3925 28.7115
1 54.3925 26.4 55.163 26.4
1 54.3925 28.7115 55.163 28.7115
1 57.2614 26.4 57.2614 28.7115
1 57.2614 27.5558 58.4172 27.5558
1 57.2614 28.7115 58.4172 28.7115
1 58.4172 27.5558 58.995 26.4
1 59.9377 26.4 61.0934 28.7115
1 61.0934 28.7115 62.2492 26.4
1 60.5155 27.5558 61.6713 27.5558
1 63.1918 26.4 63.1918 28.7115
1 63.1918 27.5558 64.7329 26.4
1 63.1918 27.5558 64.7329 28.7115
1 65.6755 26.4 66.8313 28.7115
1 66.8313 28.7115 67.987 26.4
1 66.2534 27.5558 67.4091 27.5558
1 68.9296 26.4 68.9296 28.7115
1 70.8559 26.4 70.8559 28.7115
1 68.9296 28.7115 70.8559 26.4
1 72.9543 26.4 72.9543 28.7115
1 72.1838 28.7115 73.7248 28.7115
1 74.6675 26.4 74.6675 28.7115
1 76.5938 26.4 76.5938 28.7115
1 74.6675 27.5558 76.5938 27.5558
1 3.09631 21.4 3.6742 21.4
1 3.6742 23.7115 4.25208 23.7115
1 5.7726 21.4 5.7726 23.7115
1 7.69888 21.4 7.69888 23.7115
1 5.7726 22.5558 7.69888 22.5558
1 8.64151 21.4 8.64151 23.7115
1 8.64151 22.5558 9.79728 22.5558
1 8.64151 23.7115 9.79728 23.7115
1 9.79728 22.5558 10.3752 21.4
1 12.4736 21.4 12.4736 23.7115
1 11.703 21.4 13.2441 21.4
1 11.703 23.7115 13.2441 23.7115
1 14.1867 21.4 14.1867 23.7115
1 16.4982 21.4 16.4982 23.7115
1 15.3425 21.4 14.1867 23.7115
1 15.3425 21.4 16.4982 23.7115
1 17.4409 21.4 18.5966 23.7115
1 18.5966 23.7115 19.7524 21.4
1 18.0187 22.5558 19.1745 22.5558
1 21.8508 21.4 21.8508 23.7115
1 21.0803 21.4 22.6213 21.4
1 21.0803 23.7115 22.6213 23.7115
1 25.8755 21.4 26.4534 21.4
1 26.4534 23.7115 27.0312 23.7115
1 29.7075 21.4 29.7075 23.7115
1 28.937 21.4 30.478 21.4
1 28.937 23.7115 30.478 23.7115
1 31.4207 21.4 31.4207 23.7115
1 31.4207 21.4 32.1912 21.4
1 31.4207 23.7115 32.1912 23.7115
1 34.2896 21.4 34.2896 23.7115
1 34.2896 21.4 35.0601 21.4
1 34.2896 23.7115 35.0601 23.7115
1 37.1585 21.4 37.1585 23.7115
1 39.0848 21.4 39.0848 23.7115
1 37.1585 22.5558 39.0848 22.5558
1 40.0274 21.4 41.1832 23.7115
1 41.1832 23.7115 42.3389 21.4
1 40.6053 22.5558 41.7611 22.5558
1 43.2816 21.4 43.2816 23.7115
1 43.2816 22.5558 44.4373 22.5558
1 43.2816 23.7115 44.4373 23.7115
1 44.4373 22.5558 45.0152 21.4
1 47.1136 21.4 47.1136 23.7115
1 46.3431 23.7115 47.8841 23.7115
1 48.8268 21.4 48.8268 23.7115
1 50.753 21.4 50.753 23.7115
1 48.8268 22.5558 50.753 22.5558
1 51.6957 21.4 52.8514 23.7115
1 52.8514 23.7115 54.0072 21.4
1 52.2736 22.5558 53.4293 22.5558
1 3.09132 16.4 3.09132 18.5917
1 3.09132 17.4958 4.18715 17.4958
1 3.09132 18.5917 4.18715 18.5917
1 4.18715 17.4958 4.73507 16.4
1 6.51354 16.4 6.51354 18.5917
1 5.78299 16.4 7.2441 16.4
1 5.78299 18.5917 7.2441 18.5917
1 7.92674 17.1306 7.92674 17.8611
1 8.65729 17.4958 9.38785 17.4958
1 9.38785 17.4958 9.38785 17.1306
1 10.2531 16.4 10.2531 18.5917
1 12.0795 16.4 12.0795 18.5917
1 10.2531 17.4958 12.0795 17.4958
1 13.858 16.4 13.858 18.5917
1 13.1274 18.5917 14.5885 18.5917
1 18.5587 18.5917 18.924 18.5917
1 18.5587 16.4 18.924 16.4
1 19.6066 16.4 19.6066 18.5917
1 19.6066 16.4 21.0677 16.4
1 22.8462 16.4 22.8462 18.5917
1 22.1156 16.4 23.5767 16.4
1 22.1156 18.5917 23.5767 18.5917
1 25.3552 18.5917 25.7205 18.5917
1 25.3552 16.4 25.7205 16.4
1 26.4031 16.4 26.4031 18.5917
1 26.4031 17.4958 27.8642 16.4
1 26.4031 17.4958 27.8642 18.5917
1 30.7385 16.4 30.7385 18.5917
1 30.7385 18.5917 32.5649 18.5917
1 30.7385 17.4958 32.1083 17.4958
1 36.1219 16.4 36.1219 18.5917
1 36.1219 17.4958 37.2177 17.4958
1 36.1219 18.5917 37.2177 18.5917
1 37.2177 17.4958 37.7656 16.4
1 40.6399 16.4 40.6399 18.5917
1 42.8316 16.4 42.8316 18.5917
1 41.7358 16.4 40.6399 18.5917
1 41.7358 16.4 42.8316 18.5917
1 43.5142 16.4 43.5142 18.5917
1 43.5142 16.4 45.3406 16.4
1 43.5142 18.5917 45.3406 18.5917
1 43.5142 17.4958 44.884 17.4958
1 46.0233 16.4 46.0233 18.5917
1 47.8497 16.4 47.8497 18.5917
1 46.0233 18.5917 47.8497 16.4
1 48.5323 17.4958 48.5323 18.5917
1 50.724 17.4958 50.724 18.5917
1 53.5983 16.4 54.6941 18.5917
1 54.6941 18.5917 55.7899 16.4
1 54.1462 17.4958 55.242 17.4958
1 57.5684 16.4 57.5684 18.5917
1 56.8378 18.5917 58.299 18.5917
1 61.1733 16.4 62.2691 18.5917
1 62.2691 18.5917 63.3649 16.4
1 61.7212 17.4958 62.817 17.4958
1 64.0476 16.4 64.0476 18.5917
1 65.874 16.4 65.874 18.5917
1 64.0476 18.5917 65.874 16.4
1 66.5566 18.5917 67.6524 17.4958
1 67.6524 17.4958 68.7483 18.5917
1 67.6524 17.4958 67.6524 16.4
1 72.7184 16.4 72.7184 18.5917
1 71.9878 18.5917 73.449 18.5917
1 75.2274 16.4 75.2274 18.5917
1 74.4969 16.4 75.958 16.4
1 74.4969 18.5917 75.958 18.5917
1 76.6406 16.4 76.6406 18.5917
1 78.8323 16.4 78.8323 18.5917
1 77.7365 16.4 76.6406 18.5917
1 77.7365 16.4 78.8323 18.5917
1 79.5149 16.4 79.5149 18.5917
1 79.5149 16.4 81.3413 16.4
1 79.5149 18.5917 81.3413 18.5917
1 79.5149 17.4958 80.8847 17.4958
